
9 32 0
10 32 0
11 32 0
12 32 0
13 32 0
4 33 0
5 33 0
6 33 0
7 33 0
8 33 0
9 33 1
10 33 0
11 33 0
12 33 0
13 33 0
4 34 0
5 34 0
6 34 0
7 34 0
8 34 0
9 34 1
10 34 1
11 34 0
12 34 0
13 34 0
4 35 0
5 35 0
6 35 0
7 35 0
8 35 0
9 35 1
10 35 1
11 35 1
12 35 0
13 35 0
4 36 0
5 36 0
6 36 0
7 36 0
8 36 0
9 36 1
10 36 1
11 36 1
12 36 1
13 36 0
9 37 1
10 37 1
11 37 1
12 37 1
13 37 1
4 38 0
5 38 0
6 38 0
7 38 0
8 38 0
9 38 1
10 38 1
11 38 1
12 38 1
13 38 1
4 39 0
5 39 0
6 39 0
7 39 0
8 39 0
9 39 1
10 39 1
11 39 1
12 39 1
13 39 1
4 40 0
5 40 0
6 40 0
7 40 0
8 40 0
9 40 1
10 40 1
11 40 1
12 40 1
13 40 1
9 41 2
10 41 1
11 41 1
12 41 1
13 41 1
4 42 0
5 42 0
6 42 0
7 42 0
8 42 0
9 42 2
10 42 1
11 42 1
12 42 1
13 42 1
4 43 0
5 43 0
6 43 0
7 43 0
8 43 0
9 43 2
10 43 1
11 43 1
12 43 1
13 43 1
4 44 0
5 44 0
6 44 0
7 44 0
8 44 0
9 44 2
10 44 1
11 44 1
12 44 1
13 44 1
9 45 2
10 45 2
11 45 1
12 45 1
13 45 1
4 46 0
5 46 0
6 46 0
7 46 0
8 46 0
9 46 2
10 46 2
11 46 1
12 46 1
13 46 1
4 47 0
5 47 0
6 47 0
7 47 0
8 47 0
9 47 2
10 47 2
11 47 1
12 47 1
13 47 1
4 48 0
5 48 0
6 48 0
7 48 0
8 48 0
9 48 0
10 48 0
11 48 0
12 48 0
13 48 0
9 49 0
10 49 0
11 49 1
12 49 0
13 49 0
4 50 0
5 50 0
6 50 0
7 50 0
8 50 0
9 50 1
10 50 0
11 50 1
12 50 0
13 50 0
4 51 0
5 51 0
6 51 0
7 51 0
8 51 0
9 51 1
10 51 1
11 51 1
12 51 0
13 51 0
4 52 0
5 52 0
6 52 0
7 52 0
8 52 0
9 52 1
10 52 1
11 52 1
12 52 1
13 52 0
9 53 1
10 53 1
11 53 1
12 53 1
13 53 1
4 54 0
5 54 0
6 54 0
7 54 0
8 54 0
9 54 1
10 54 1
11 54 1
12 54 1
13 54 1
4 55 0
5 55 0
6 55 0
7 55 0
8 55 0
9 55 1
10 55 1
11 55 1
12 55 1
13 55 1
4 56 0
5 56 0
6 56 0
7 56 0
8 56 0
9 56 1
10 56 1
11 56 1
12 56 1
13 56 1
9 57 1
10 57 1
11 57 2
12 57 1
13 57 1
4 58 0
5 58 0
6 58 0
7 58 0
8 58 0
9 58 1
10 58 1
11 58 2
12 58 1
13 58 1
4 59 0
5 59 0
6 59 0
7 59 0
8 59 0
9 59 1
10 59 1
11 59 2
12 59 1
13 59 1
4 60 0
5 60 0
6 60 0
7 60 0
8 60 0
9 60 1
10 60 1
11 60 2
12 60 1
13 60 1
9 61 2
10 61 1
11 61 2
12 61 1
13 61 1
4 62 0
5 62 0
6 62 0
7 62 0
8 62 0
9 62 2
10 62 1
11 62 2
12 62 1
13 62 1
4 63 0
5 63 0
6 63 0
7 63 0
8 63 0
9 63 2
10 63 1
11 63 2
12 63 1
13 63 1
4 64 0
5 64 0
6 64 0
7 64 0
8 64 0
9 64 2
10 64 1
11 64 2
12 64 1
13 64 1
9 65 2
10 65 2
11 65 2
12 65 1
13 65 1
4 66 0
5 66 0
6 66 0
7 66 0
8 66 0
9 66 2
10 66 2
11 66 2
12 66 1
13 66 1
4 67 0
5 67 0
6 67 0
7 67 0
8 67 0
9 67 2
10 67 2
11 67 2
12 67 1
13 67 1
4 68 0
5 68 0
6 68 0
7 68 0
8 68 0
9 68 2
10 68 2
11 68 2
12 68 1
13 68 1
9 69 2
10 69 2
11 69 2
12 69 2
13 69 1
4 70 0
5 70 0
6 70 0
7 70 0
8 70 0
9 70 2
10 70 2
11 70 2
12 70 2
13 70 1
4 71 0
5 71 0
6 71 0
7 71 0
8 71 0
9 71 2
10 71 2
11 71 2
12 71 2
13 71 1
4 72 0
5 72 0
6 72 0
7 72 0
8 72 0
9 72 2
10 72 2
11 72 2
12 72 2
13 72 1
9 73 2
10 73 2
11 73 2
12 73 2
13 73 2
4 74 0
5 74 0
6 74 0
7 74 0
8 74 0
9 74 2
10 74 2
11 74 2
12 74 2
13 74 2
4 75 0
5 75 0
6 75 0
7 75 0
8 75 0
9 75 2
10 75 2
11 75 2
12 75 2
13 75 2
4 76 0
5 76 0
6 76 0
7 76 0
8 76 0
9 76 2
10 76 2
11 76 2
12 76 2
13 76 2
4 77 0
5 77 0
6 77 0
7 77 0
8 77 0
9 77 2
10 77 2
11 77 2
12 77 2
13 77 2
4 78 0
5 78 0
6 78 0
7 78 0
8 78 0
9 78 2
10 78 2
11 78 2
12 78 2
13 78 2
4 79 0
5 79 0
6 79 0
7 79 0
8 79 0
9 79 2
10 79 2
11 79 2
12 79 2
13 79 2
4 80 0
5 80 0
6 80 0
7 80 0
8 80 0
9 80 2
10 80 2
11 80 2
12 80 2
13 80 2
9 81 2
10 81 2
11 81 3
12 81 2
13 81 2
4 82 0
5 82 0
6 82 0
7 82 0
8 82 0
9 82 2
10 82 2
11 82 3
12 82 2
13 82 2
4 83 0
5 83 0
6 83 0
7 83 0
8 83 0
9 83 2
10 83 2
11 83 3
12 83 2
13 83 2
4 84 0
5 84 0
6 84 0
7 84 0
8 84 0
9 84 2
10 84 2
11 84 3
12 84 2
13 84 2
4 85 0
5 85 0
6 85 0
7 85 0
8 85 0
9 85 2
10 85 2
11 85 3
12 85 2
13 85 2
4 86 0
5 86 0
6 86 0
7 86 0
8 86 0
9 86 2
10 86 2
11 86 3
12 86 2
13 86 2
4 87 0
5 87 0
6 87 0
7 87 0
8 87 0
9 87 2
10 87 2
11 87 3
12 87 2
13 87 2
4 88 0
5 88 0
6 88 0
7 88 0
8 88 0
9 88 2
10 88 2
11 88 3
12 88 2
13 88 2
9 89 3
10 89 2
11 89 3
12 89 2
13 89 2
4 90 0
5 90 0
6 90 0
7 90 0
8 90 0
9 90 3
10 90 2
11 90 3
12 90 2
13 90 2
4 91 0
5 91 0
6 91 0
7 91 0
8 91 0
9 91 3
10 91 2
11 91 3
12 91 2
13 91 2
4 92 0
5 92 0
6 92 0
7 92 0
8 92 0
9 92 3
10 92 2
11 92 3
12 92 2
13 92 2
4 93 0
5 93 0
6 93 0
7 93 0
8 93 0
9 93 3
10 93 2
11 93 3
12 93 2
13 93 2
4 94 0
5 94 0
6 94 0
7 94 0
8 94 0
9 94 3
10 94 2
11 94 3
12 94 2
13 94 2
4 95 0
5 95 0
6 95 0
7 95 0
8 95 0
9 95 3
10 95 2
11 95 3
12 95 2
13 95 2
4 96 0
5 96 0
6 96 0
7 96 0
8 96 0
9 96 0
10 96 0
11 96 0
12 96 0
13 96 0
9 97 0
10 97 1
11 97 0
12 97 0
13 97 0
4 98 0
5 98 0
6 98 0
7 98 0
8 98 0
9 98 1
10 98 1
11 98 0
12 98 0
13 98 0
4 99 0
5 99 0
6 99 0
7 99 0
8 99 0
9 99 1
10 99 1
11 99 1
12 99 0
13 99 0
4 100 0
5 100 0
6 100 0
7 100 0
8 100 0
9 100 1
10 100 1
11 100 1
12 100 1
13 100 0
9 101 1
10 101 1
11 101 1
12 101 1
13 101 1
4 102 0
5 102 0
6 102 0
7 102 0
8 102 0
9 102 1
10 102 1
11 102 1
12 102 1
13 102 1
4 103 0
5 103 0
6 103 0
7 103 0
8 103 0
9 103 1
10 103 1
11 103 1
12 103 1
13 103 1
4 104 0
5 104 0
6 104 0
7 104 0
8 104 0
9 104 1
10 104 1
11 104 1
12 104 1
13 104 1
9 105 1
10 105 2
11 105 1
12 105 1
13 105 1
4 106 0
5 106 0
6 106 0
7 106 0
8 106 0
9 106 1
10 106 2
11 106 1
12 106 1
13 106 1
4 107 0
5 107 0
6 107 0
7 107 0
8 107 0
9 107 1
10 107 2
11 107 1
12 107 1
13 107 1
4 108 0
5 108 0
6 108 0
7 108 0
8 108 0
9 108 1
10 108 2
11 108 1
12 108 1
13 108 1
9 109 2
10 109 2
11 109 1
12 109 1
13 109 1
4 110 0
5 110 0
6 110 0
7 110 0
8 110 0
9 110 2
10 110 2
11 110 1
12 110 1
13 110 1
4 111 0
5 111 0
6 111 0
7 111 0
8 111 0
9 111 2
10 111 2
11 111 1
12 111 1
13 111 1
4 112 0
5 112 0
6 112 0
7 112 0
8 112 0
9 112 2
10 112 2
11 112 1
12 112 1
13 112 1
9 113 2
10 113 2
11 113 2
12 113 1
13 113 1
4 114 0
5 114 0
6 114 0
7 114 0
8 114 0
9 114 2
10 114 2
11 114 2
12 114 1
13 114 1
4 115 0
5 115 0
6 115 0
7 115 0
8 115 0
9 115 2
10 115 2
11 115 2
12 115 1
13 115 1
4 116 0
5 116 0
6 116 0
7 116 0
8 116 0
9 116 2
10 116 2
11 116 2
12 116 1
13 116 1
9 117 2
10 117 2
11 117 2
12 117 2
13 117 1
4 118 0
5 118 0
6 118 0
7 118 0
8 118 0
9 118 2
10 118 2
11 118 2
12 118 2
13 118 1
4 119 0
5 119 0
6 119 0
7 119 0
8 119 0
9 119 2
10 119 2
11 119 2
12 119 2
13 119 1
4 120 0
5 120 0
6 120 0
7 120 0
8 120 0
9 120 2
10 120 2
11 120 2
12 120 2
13 120 1
9 121 2
10 121 2
11 121 2
12 121 2
13 121 2
4 122 0
5 122 0
6 122 0
7 122 0
8 122 0
9 122 2
10 122 2
11 122 2
12 122 2
13 122 2
4 123 0
5 123 0
6 123 0
7 123 0
8 123 0
9 123 2
10 123 2
11 123 2
12 123 2
13 123 2
4 124 0
5 124 0
6 124 0
7 124 0
8 124 0
9 124 2
10 124 2
11 124 2
12 124 2
13 124 2
4 125 0
5 125 0
6 125 0
7 125 0
8 125 0
9 125 2
10 125 2
11 125 2
12 125 2
13 125 2
4 126 0
5 126 0
6 126 0
7 126 0
8 126 0
9 126 2
10 126 2
11 126 2
12 126 2
13 126 2
4 127 0
5 127 0
6 127 0
7 127 0
8 127 0
9 127 2
10 127 2
11 127 2
12 127 2
13 127 2
4 128 0
5 128 0
6 128 0
7 128 0
8 128 0
9 128 2
10 128 2
11 128 2
12 128 2
13 128 2
9 129 2
10 129 3
11 129 2
12 129 2
13 129 2
4 130 0
5 130 0
6 130 0
7 130 0
8 130 0
9 130 2
10 130 3
11 130 2
12 130 2
13 130 2
4 131 0
5 131 0
6 131 0
7 131 0
8 131 0
9 131 2
10 131 3
11 131 2
12 131 2
13 131 2
4 132 0
5 132 0
6 132 0
7 132 0
8 132 0
9 132 2
10 132 3
11 132 2
12 132 2
13 132 2
4 133 0
5 133 0
6 133 0
7 133 0
8 133 0
9 133 2
10 133 3
11 133 2
12 133 2
13 133 2
4 134 0
5 134 0
6 134 0
7 134 0
8 134 0
9 134 2
10 134 3
11 134 2
12 134 2
13 134 2
4 135 0
5 135 0
6 135 0
7 135 0
8 135 0
9 135 2
10 135 3
11 135 2
12 135 2
13 135 2
4 136 0
5 136 0
6 136 0
7 136 0
8 136 0
9 136 2
10 136 3
11 136 2
12 136 2
13 136 2
9 137 3
10 137 3
11 137 2
12 137 2
13 137 2
4 138 0
5 138 0
6 138 0
7 138 0
8 138 0
9 138 3
10 138 3
11 138 2
12 138 2
13 138 2
4 139 0
5 139 0
6 139 0
7 139 0
8 139 0
9 139 3
10 139 3
11 139 2
12 139 2
13 139 2
4 140 0
5 140 0
6 140 0
7 140 0
8 140 0
9 140 3
10 140 3
11 140 2
12 140 2
13 140 2
4 141 0
5 141 0
6 141 0
7 141 0
8 141 0
9 141 3
10 141 3
11 141 2
12 141 2
13 141 2
4 142 0
5 142 0
6 142 0
7 142 0
8 142 0
9 142 3
10 142 3
11 142 2
12 142 2
13 142 2
4 143 0
5 143 0
6 143 0
7 143 0
8 143 0
9 143 3
10 143 3
11 143 2
12 143 2
13 143 2
4 144 0
5 144 0
6 144 0
7 144 0
8 144 0
9 144 0
10 144 0
11 144 0
12 144 0
13 144 0
9 145 0
10 145 0
11 145 1
12 145 0
13 145 0
4 146 0
5 146 0
6 146 0
7 146 0
8 146 0
9 146 1
10 146 0
11 146 1
12 146 0
13 146 0
4 147 0
5 147 0
6 147 0
7 147 0
8 147 0
9 147 1
10 147 1
11 147 1
12 147 0
13 147 0
4 148 0
5 148 0
6 148 0
7 148 0
8 148 0
9 148 1
10 148 1
11 148 1
12 148 1
13 148 0
9 149 1
10 149 1
11 149 1
12 149 1
13 149 1
4 150 0
5 150 0
6 150 0
7 150 0
8 150 0
9 150 1
10 150 1
11 150 1
12 150 1
13 150 1
4 151 0
5 151 0
6 151 0
7 151 0
8 151 0
9 151 1
10 151 1
11 151 1
12 151 1
13 151 1
10 152 1
12 152 1
13 152 1
4 153 0
5 153 0
6 153 0
7 153 0
8 153 0
10 153 1
12 153 1
13 153 1
12 154 1
13 154 1
4 155 0
5 155 0
6 155 0
7 155 0
8 155 0
12 155 1
13 155 1
4 156 0
5 156 0
6 156 0
7 156 0
8 156 0
12 156 1
13 156 1
4 157 0
5 157 0
6 157 0
7 157 0
8 157 0
12 157 1
13 157 1
12 158 2
13 158 1
4 159 0
5 159 0
6 159 0
7 159 0
8 159 0
12 159 2
13 159 1
4 160 0
5 160 0
6 160 0
7 160 0
8 160 0
12 160 2
13 160 1
4 161 0
5 161 0
6 161 0
7 161 0
8 161 0
12 161 2
13 161 1
12 162 2
13 162 2
4 163 0
5 163 0
6 163 0
7 163 0
8 163 0
12 163 2
13 163 2
4 164 0
5 164 0
6 164 0
7 164 0
8 164 0
12 164 2
13 164 2
4 165 0
5 165 0
6 165 0
7 165 0
8 165 0
12 165 2
13 165 2
4 166 0
5 166 0
6 166 0
7 166 0
8 166 0
12 166 2
13 166 2
4 167 0
5 167 0
6 167 0
7 167 0
8 167 0
12 167 2
13 167 2
4 168 0
5 168 0
6 168 0
7 168 0
8 168 0
12 168 2
13 168 2
4 169 0
5 169 0
6 169 0
7 169 0
8 169 0
12 169 2
13 169 2
12 170 3
13 170 2
4 171 0
5 171 0
6 171 0
7 171 0
8 171 0
12 171 3
13 171 2
4 172 0
5 172 0
6 172 0
7 172 0
8 172 0
12 172 3
13 172 2
4 173 0
5 173 0
6 173 0
7 173 0
8 173 0
12 173 3
13 173 2
4 174 0
5 174 0
6 174 0
7 174 0
8 174 0
12 174 3
13 174 2
4 175 0
5 175 0
6 175 0
7 175 0
8 175 0
12 175 3
13 175 2
4 176 0
5 176 0
6 176 0
7 176 0
8 176 0
12 176 3
13 176 2
4 177 0
5 177 0
6 177 0
7 177 0
8 177 0
12 177 3
13 177 2
12 178 3
13 178 3
4 179 0
5 179 0
6 179 0
7 179 0
8 179 0
12 179 3
13 179 3
4 180 0
5 180 0
6 180 0
7 180 0
8 180 0
12 180 3
13 180 3
4 181 0
5 181 0
6 181 0
7 181 0
8 181 0
12 181 3
13 181 3
4 182 0
5 182 0
6 182 0
7 182 0
8 182 0
12 182 3
13 182 3
4 183 0
5 183 0
6 183 0
7 183 0
8 183 0
12 183 3
13 183 3
4 184 0
5 184 0
6 184 0
7 184 0
8 184 0
12 184 3
13 184 3
4 185 0
5 185 0
6 185 0
7 185 0
8 185 0
12 185 3
13 185 3
4 186 0
5 186 0
6 186 0
7 186 0
8 186 0
12 186 3
13 186 3
13 187 3
4 188 0
5 188 0
6 188 0
7 188 0
8 188 0
13 188 3
4 189 0
5 189 0
6 189 0
7 189 0
8 189 0
13 189 3
4 190 0
5 190 0
6 190 0
7 190 0
8 190 0
13 190 3
4 191 0
5 191 0
6 191 0
7 191 0
8 191 0
13 191 3
4 192 0
5 192 0
6 192 0
7 192 0
8 192 0
13 192 0
13 193 1
4 194 0
5 194 0
6 194 0
7 194 0
8 194 0
13 194 1
4 195 0
5 195 0
6 195 0
7 195 0
8 195 0
13 195 1


