9 24 0
10 24 0
11 24 0
12 24 0
13 24 0
4 25 0
5 25 0
6 25 0
7 25 0
8 25 0
9 25 0
10 25 0
11 25 0
12 25 0
13 25 0
4 26 0
5 26 0
6 26 0
7 26 0
8 26 0
9 26 1
10 26 0
11 26 0
12 26 0
13 26 0
4 27 0
5 27 0
6 27 0
7 27 0
8 27 0
9 27 1
10 27 0
11 27 0
12 27 0
13 27 0
4 28 0
5 28 0
6 28 0
7 28 0
8 28 0
9 28 1
10 28 1
11 28 0
12 28 0
13 28 0
4 29 0
5 29 0
6 29 0
7 29 0
8 29 0
9 29 1
10 29 1
11 29 0
12 29 0
13 29 0
4 30 0
5 30 0
6 30 0
7 30 0
8 30 0
9 30 1
10 30 1
11 30 1
12 30 0
13 30 0
4 31 0
5 31 0
6 31 0
7 31 0
8 31 0
9 31 1
10 31 1
11 31 1
12 31 0
13 31 0
4 32 0
5 32 0
6 32 0
7 32 0
8 32 0
9 32 1
10 32 1
11 32 1
12 32 1
13 32 0
4 33 0
5 33 0
6 33 0
7 33 0
8 33 0
9 33 1
10 33 1
11 33 1
12 33 1
13 33 0
9 34 1
10 34 1
11 34 1
12 34 1
13 34 1
9 35 1
10 35 1
11 35 1
12 35 1
13 35 1
9 36 1
10 36 1
11 36 1
12 36 1
13 36 1
9 37 1
10 37 1
11 37 1
12 37 1
13 37 1
9 38 1
10 38 1
11 38 1
12 38 1
13 38 1
9 39 1
10 39 1
11 39 1
12 39 1
13 39 1
9 40 1
10 40 1
11 40 1
12 40 1
13 40 1
9 41 1
10 41 1
11 41 1
12 41 1
13 41 1
9 42 1
10 42 1
11 42 1
12 42 1
13 42 1
9 43 1
10 43 1
11 43 1
12 43 1
13 43 1
9 44 1
10 44 1
11 44 1
12 44 1
13 44 1
9 45 1
10 45 1
11 45 1
12 45 1
13 45 1
9 46 1
10 46 1
11 46 1
12 46 1
13 46 1
9 47 1
10 47 1
11 47 1
12 47 1
13 47 1
9 48 0
10 48 0
11 48 0
12 48 0
13 48 0
4 49 0
5 49 0
6 49 0
7 49 0
8 49 0
9 49 0
10 49 0
11 49 0
12 49 0
13 49 0
4 50 0
5 50 0
6 50 0
7 50 0
8 50 0
9 50 0
10 50 0
11 50 0
12 50 0
13 50 1
4 51 0
5 51 0
6 51 0
7 51 0
8 51 0
9 51 0
10 51 0
11 51 0
12 51 0
13 51 1
4 52 0
5 52 0
6 52 0
7 52 0
8 52 0
9 52 1
10 52 0
11 52 0
12 52 0
13 52 1
4 53 0
5 53 0
6 53 0
7 53 0
8 53 0
9 53 1
10 53 0
11 53 0
12 53 0
13 53 1
4 54 0
5 54 0
6 54 0
7 54 0
8 54 0
9 54 1
10 54 1
11 54 0
12 54 0
13 54 1
4 55 0
5 55 0
6 55 0
7 55 0
8 55 0
9 55 1
10 55 1
11 55 0
12 55 0
13 55 1
4 56 0
5 56 0
6 56 0
7 56 0
8 56 0
9 56 1
10 56 1
11 56 1
12 56 0
13 56 1
4 57 0
5 57 0
6 57 0
7 57 0
8 57 0
9 57 1
10 57 1
11 57 1
12 57 0
13 57 1
9 58 1
10 58 1
11 58 1
12 58 1
13 58 1
9 59 1
10 59 1
11 59 1
12 59 1
13 59 1
9 60 1
10 60 1
11 60 1
12 60 1
13 60 1
9 61 1
10 61 1
11 61 1
12 61 1
13 61 1
9 62 1
10 62 1
11 62 1
12 62 1
13 62 1
9 63 1
10 63 1
11 63 1
12 63 1
13 63 1
9 64 1
10 64 1
11 64 1
12 64 1
13 64 1
9 65 1
10 65 1
11 65 1
12 65 1
13 65 1
9 66 1
10 66 1
11 66 1
12 66 1
13 66 1
9 67 1
10 67 1
11 67 1
12 67 1
13 67 1
9 68 1
10 68 1
11 68 1
12 68 1
13 68 1
9 69 1
10 69 1
11 69 1
12 69 1
13 69 1
9 70 1
10 70 1
11 70 1
12 70 1
13 70 1
9 71 1
10 71 1
11 71 1
12 71 1
13 71 1
9 72 1
10 72 1
11 72 1
12 72 1
13 72 1
9 73 1
10 73 1
11 73 1
12 73 1
13 73 1
9 74 1
10 74 1
11 74 1
12 74 1
13 74 1
9 75 1
10 75 1
11 75 1
12 75 1
13 75 1
9 76 1
10 76 1
11 76 1
12 76 1
13 76 1
9 77 1
10 77 1
11 77 1
12 77 1
13 77 1
9 78 1
10 78 1
11 78 1
12 78 1
13 78 1
9 79 1
10 79 1
11 79 1
12 79 1
13 79 2
9 80 2
10 80 1
11 80 1
12 80 1
13 80 2
9 81 2
10 81 2
11 81 1
12 81 1
13 81 2
9 82 2
10 82 2
11 82 2
12 82 1
13 82 2
9 83 2
10 83 2
11 83 2
12 83 2
13 83 2
9 84 2
10 84 2
11 84 2
12 84 2
13 84 2
9 85 2
10 85 2
11 85 2
12 85 2
13 85 2
9 86 2
10 86 2
11 86 2
12 86 2
13 86 2
9 87 2
10 87 2
11 87 2
12 87 2
13 87 2
9 88 2
10 88 2
11 88 2
12 88 2
13 88 2
9 89 2
10 89 2
11 89 2
12 89 2
13 89 2
9 90 2
10 90 2
11 90 2
12 90 2
13 90 2
9 91 2
10 91 2
11 91 2
12 91 2
13 91 2
9 92 2
10 92 2
11 92 2
12 92 2
13 92 2
9 93 2
10 93 2
11 93 2
12 93 2
13 93 2
9 94 2
10 94 2
11 94 2
12 94 2
13 94 2
9 95 2
10 95 2
11 95 2
12 95 2
13 95 2
9 96 0
10 96 0
11 96 0
12 96 0
13 96 0
4 97 0
5 97 0
6 97 0
7 97 0
8 97 0
9 97 0
10 97 0
11 97 0
12 97 0
13 97 0
4 98 0
5 98 0
6 98 0
7 98 0
8 98 0
9 98 0
10 98 0
11 98 1
12 98 0
13 98 0
4 99 0
5 99 0
6 99 0
7 99 0
8 99 0
9 99 0
10 99 0
11 99 1
12 99 0
13 99 0
4 100 0
5 100 0
6 100 0
7 100 0
8 100 0
9 100 1
10 100 0
11 100 1
12 100 0
13 100 0
4 101 0
5 101 0
6 101 0
7 101 0
8 101 0
9 101 1
10 101 0
11 101 1
12 101 0
13 101 0
4 102 0
5 102 0
6 102 0
7 102 0
8 102 0
9 102 1
10 102 1
11 102 1
12 102 0
13 102 0
4 103 0
5 103 0
6 103 0
7 103 0
8 103 0
9 103 1
10 103 1
11 103 1
12 103 0
13 103 0
4 104 0
5 104 0
6 104 0
7 104 0
8 104 0
9 104 1
10 104 1
11 104 1
12 104 1
13 104 0
4 105 0
5 105 0
6 105 0
7 105 0
8 105 0
9 105 1
10 105 1
11 105 1
12 105 1
13 105 0
9 106 1
10 106 1
11 106 1
12 106 1
13 106 1
9 107 1
10 107 1
11 107 1
12 107 1
13 107 1
9 108 1
10 108 1
11 108 1
12 108 1
13 108 1
9 109 1
10 109 1
11 109 1
12 109 1
13 109 1
9 110 1
10 110 1
11 110 1
12 110 1
13 110 1
9 111 1
10 111 1
11 111 1
12 111 1
13 111 1
9 112 1
10 112 1
11 112 1
12 112 1
13 112 1
9 113 1
10 113 1
11 113 1
12 113 1
13 113 1
9 114 1
10 114 1
11 114 1
12 114 1
13 114 1
9 115 1
10 115 1
11 115 1
12 115 1
13 115 1
9 116 1
10 116 1
11 116 1
12 116 1
13 116 1
9 117 1
10 117 1
11 117 1
12 117 1
13 117 1
9 118 1
10 118 1
11 118 1
12 118 1
13 118 1
9 119 1
10 119 1
11 119 1
12 119 1
13 119 1
9 120 1
10 120 1
11 120 1
12 120 1
13 120 1
9 121 1
10 121 1
11 121 1
12 121 1
13 121 1
9 122 1
10 122 1
11 122 1
12 122 1
13 122 1
9 123 1
10 123 1
11 123 1
12 123 1
13 123 1
9 124 1
10 124 1
11 124 1
12 124 1
13 124 1
9 125 1
10 125 1
11 125 1
12 125 1
13 125 1
9 126 1
10 126 1
11 126 1
12 126 1
13 126 1
9 127 1
10 127 1
11 127 2
12 127 1
13 127 1
9 128 2
10 128 1
11 128 2
12 128 1
13 128 1
9 129 2
10 129 2
11 129 2
12 129 1
13 129 1
9 130 2
10 130 2
11 130 2
12 130 2
13 130 1
9 131 2
10 131 2
11 131 2
12 131 2
13 131 2
9 132 2
10 132 2
11 132 2
12 132 2
13 132 2
9 133 2
10 133 2
11 133 2
12 133 2
13 133 2
9 134 2
10 134 2
11 134 2
12 134 2
13 134 2
9 135 2
10 135 2
11 135 2
12 135 2
13 135 2
9 136 2
10 136 2
11 136 2
12 136 2
13 136 2
9 137 2
10 137 2
11 137 2
12 137 2
13 137 2
9 138 2
10 138 2
11 138 2
12 138 2
13 138 2
9 139 2
10 139 2
11 139 2
12 139 2
13 139 2
9 140 2
10 140 2
11 140 2
12 140 2
13 140 2
9 141 2
10 141 2
11 141 2
12 141 2
13 141 2
9 142 2
10 142 2
11 142 2
12 142 2
13 142 2
9 143 2
10 143 2
11 143 2
12 143 2
13 143 2
9 144 0
10 144 0
11 144 0
12 144 0
13 144 0
4 145 0
5 145 0
6 145 0
7 145 0
8 145 0
9 145 0
10 145 0
11 145 0
12 145 0
13 145 0
4 146 0
5 146 0
6 146 0
7 146 0
8 146 0
9 146 0
10 146 0
11 146 0
12 146 1
13 146 0
4 147 0
5 147 0
6 147 0
7 147 0
8 147 0
9 147 0
10 147 0
11 147 0
12 147 1
13 147 0
4 148 0
5 148 0
6 148 0
7 148 0
8 148 0
9 148 1
10 148 0
11 148 0
12 148 1
13 148 0
4 149 0
5 149 0
6 149 0
7 149 0
8 149 0
9 149 1
10 149 0
11 149 0
12 149 1
13 149 0
4 150 0
5 150 0
6 150 0
7 150 0
8 150 0
9 150 1
10 150 1
11 150 0
12 150 1
13 150 0
4 151 0
5 151 0
6 151 0
7 151 0
8 151 0
9 151 1
10 151 1
11 151 0
12 151 1
13 151 0
4 152 0
5 152 0
6 152 0
7 152 0
8 152 0
9 152 1
10 152 1
11 152 1
12 152 1
13 152 0
4 153 0
5 153 0
6 153 0
7 153 0
8 153 0
9 153 1
10 153 1
11 153 1
12 153 1
13 153 0
9 154 1
10 154 1
11 154 1
12 154 1
13 154 1
11 155 1
12 155 1
13 155 1
11 156 1
12 156 1
13 156 1
11 157 1
12 157 1
13 157 1
11 158 1
12 158 1
13 158 1
11 159 1
12 159 1
13 159 1


